22 21 20 19 18 17 16 15 14 13 12 11 12 13 14 15 16 17 18 19 20 21 22 23
21 20 19 18 17 16 15 14 13 12 11 10 11 12 13 14 15 16 17 18 19 20 21 22
20 19 18 17 16 15 14 13 12 11 10 9 10 11 12 13 14 15 16 17 18 19 20 21
19 18 17 16 15 14 13 12 11 10 9 8 9 10 11 12 13 14 15 16 17 18 19 20
18 17 16 15 14 13 12 11 10 9 8 7 8 9 10 11 12 13 14 15 16 17 18 19
17 16 15 14 13 12 11 10 9 8 7 6 7 8 9 10 11 12 13 14 15 16 17 18
16 15 14 13 12 11 10 9 8 7 100 100 100 100 100 100 100 100 100 13 14 15 16 17
15 14 13 12 11 10 9 8 7 6 100 4 5 6 7 8 9 10 100 12 13 14 15 16
14 13 12 11 10 9 8 7 6 5 100 3 4 5 6 7 8 9 100 100 100 100 100 15
13 12 11 10 9 8 7 6 5 4 100 2 3 4 5 100 7 8 9 10 11 12 100 14
12 11 10 9 8 7 6 5 4 3 100 1 2 3 4 100 6 7 8 9 10 11 100 13
11 10 9 8 7 6 5 4 3 2 100 0 1 2 3 100 5 6 7 8 9 10 100 12
12 11 10 9 8 7 6 5 4 100 100 1 2 100 100 100 100 100 100 9 10 11 100 13
13 12 11 10 9 8 7 6 5 100 3 2 3 100 5 6 7 8 100 100 100 100 13 14
14 13 12 11 10 9 8 7 6 100 4 3 4 100 6 7 8 9 10 11 12 13 14 15
15 14 13 12 11 10 9 8 7 100 100 100 100 100 7 8 9 10 11 12 13 14 15 16
16 15 14 13 12 11 10 9 8 7 6 5 6 7 8 9 10 11 12 13 14 15 16 17
17 16 15 14 13 12 11 10 9 8 7 6 7 8 9 10 11 12 13 14 15 16 17 18
18 17 16 15 14 13 12 11 10 9 8 7 8 9 10 11 12 13 14 15 16 17 18 19
19 18 17 16 15 14 13 12 11 10 9 8 9 10 11 12 13 14 15 16 17 18 19 20
20 19 18 17 16 15 14 13 12 11 10 9 10 11 12 13 14 15 16 17 18 19 20 21
21 20 19 18 17 16 15 14 13 12 11 10 11 12 13 14 15 16 17 18 19 20 21 22
22 21 20 19 18 17 16 15 14 13 12 11 12 13 14 15 16 17 18 19 20 21 22 23
23 22 21 20 19 18 17 16 15 14 13 12 13 14 15 16 17 18 19 20 21 22 23 24
